 Some notable configurations to try out

 1. 4 small bodies orbiting circularly around a central big body 

5 100
1000 1 1 1 1  
25 5 5 5 5
500 500 250 500 750 500 500 250 500 750 
0 0 0 -20 0 20 20 0 -20 0

 3. Figure 8 

3 300
1 1 1
10 10 10
441.7997384 514.5852518 558.2002616 485.4147482 500 500
0.601866369 0.558181757 0.601866369 0.558181757 -1.203732738 -1.116363514

 
5. Solar system (not to scale)

9 300
1000 0.000055 0.000815 0.000107 0.954 0.286 0.0435 0.0514 0.000006
20 2 3 3 10 8 6 6 2
500 500 530 500 550 500 575 500 605 500 640 500 680 500 720 500 760 500
0 0 0 57.735027 0 44.721360 0 36.514837 0 30.860669 0 26.726124 0 23.570226 0 21.320071 0 19.611613

 7. Many-body "chaotic" system

16 300
1.0 0.7 1.4 0.5 1.2 0.9 0.6 1.6 0.8 1.1 0.4 1.3 0.75 1.5 0.55 1.0
4 4 4 4 4 4 4 4 4 4 4 4 4 4 4 4
230 260 370 220 510 280 650 240 770 330 290 400 430 360 570 430 710 390 250 560 380 520 500 610 640 540 760 620 300 700 450 760
2.4 -1.1 -1.7 2.0 1.3 1.8 -2.2 -0.8 0.9 -1.9 -1.5 1.2 2.1 -1.4 -0.7 2.3 1.8 0.6 -2.0 -1.6 1.1 2.2 -1.9 -0.5 0.5 -2.4 2.3 1.0 -1.2 1.7 1.6 -1.8





